       0/9        0G    0.1237    0.1767   0.05007    0.3505         4       128         0         0 8.635e-05 1.439e-05    0.1352    0.3409    0.1213
       1/9        0G    0.1173     0.198   0.04516    0.3604         4       128   0.00222   0.06728  0.002446 0.0005688    0.1239     4.219   0.08921
       2/9        0G    0.1084    0.2096     0.042    0.3601         3       128  0.002203    0.0787   0.00216 0.0004727    0.1209    0.8116   0.08645
       3/9        0G    0.1035    0.2284   0.04081    0.3727         4       128  0.002747   0.09506  0.004756  0.001044    0.1058      2.45   0.05571
       4/9        0G   0.09888    0.2334   0.04112    0.3734         3       128   0.01118   0.05655   0.01094  0.002253    0.1025    0.2403   0.04815
       5/9        0G   0.09544    0.2345   0.04121    0.3711         5       128   0.01031   0.08889    0.0101  0.002547    0.1004    0.3039   0.04252
       6/9        0G    0.0929    0.2383   0.04009    0.3713         5       128   0.02234    0.1244   0.01448    0.0039   0.09691    0.2053   0.03822
       7/9        0G   0.09057    0.2379   0.04096    0.3694         3       128   0.01617    0.1093   0.01281  0.003536   0.09353    0.2174    0.0369
       8/9        0G   0.08961    0.2449   0.04034    0.3749         1       128   0.04937     0.134   0.03511   0.01146   0.09501    0.1883   0.03561
       9/9        0G   0.08636    0.2359   0.04091    0.3632         1       128   0.04948    0.1309   0.02991   0.01124   0.09056    0.1941   0.03564
