      0/99        0G    0.1236    0.1741   0.05009    0.3478         4       128 0.0009019   0.09259  0.001159 0.0002725    0.1373      1.24    0.1034
      1/99        0G    0.1159    0.1989   0.04477    0.3596         4       128 0.0008681    0.1185  0.001635 0.0003953    0.1292     7.701     0.223
      2/99        0G     0.108    0.2118   0.04205    0.3619         3       128  0.005439   0.01543  0.006363  0.001434    0.1104    0.2079   0.03753
      3/99        0G    0.1035    0.2296   0.04095     0.374         4       128  0.002331   0.09506  0.005374  0.001444    0.1116     1.315   0.07481
      4/99        0G   0.09781    0.2331   0.04105    0.3719         3       128  0.008813   0.09168  0.007476  0.001834    0.1042    0.2823   0.04041
      5/99        0G   0.09574    0.2335    0.0412    0.3704         5       128   0.01151   0.08765    0.0105  0.002334    0.1004    0.2255   0.03645
      6/99        0G   0.09309      0.24   0.04007    0.3731         5       128   0.05274       0.1   0.04181   0.01296   0.09402    0.1968   0.03484
      7/99        0G   0.09162    0.2367   0.04097    0.3693         3       128    0.0623    0.1198   0.04634    0.0118   0.09158    0.2004   0.03471
      8/99        0G   0.09067    0.2427   0.04033    0.3737         1       128   0.04843    0.1123   0.06792   0.01314   0.08814    0.2002   0.03427
      9/99        0G   0.08702    0.2358   0.04081    0.3636         1       128   0.08082     0.146   0.06261   0.02124    0.0869    0.1998   0.03432
     10/99        0G   0.08678      0.24   0.04054    0.3674         5       128    0.1066    0.1364    0.0788   0.02744   0.08708    0.1985   0.03398
     11/99        0G   0.08595    0.2415   0.04019    0.3677         7       128     0.231     0.263    0.1661   0.06399   0.08557    0.2038   0.03432
     12/99        0G   0.08372    0.2351   0.04064    0.3595         4       128    0.1671   0.09921   0.07237    0.0307   0.08592    0.1978   0.03394
     13/99        0G   0.08454    0.2384   0.04116    0.3641         3       128     0.118    0.2003   0.09472   0.04674   0.08306    0.1918   0.03405
     14/99        0G   0.08244    0.2335   0.04089    0.3568         4       128    0.1349    0.2031    0.1503   0.04979   0.08577    0.1974   0.03389
     15/99        0G   0.08325    0.2461   0.04145    0.3708         2       128    0.2298    0.2065    0.1474    0.0553   0.08279    0.2008   0.03394
     16/99        0G   0.08123    0.2357    0.0407    0.3576         3       128    0.1285    0.2444    0.1135   0.04234   0.08257    0.1986   0.03378
     17/99        0G   0.08134    0.2359    0.0409    0.3582         5       128   0.07299     0.137   0.07747   0.03565   0.08244    0.1954   0.03406
     18/99        0G   0.08048     0.241   0.03988    0.3614         4       128     0.081    0.1614     0.107   0.03354   0.08269    0.1985   0.03372
     19/99        0G   0.08053    0.2398   0.04074    0.3611         1       128   0.07023    0.1429   0.09057   0.03537   0.08147     0.193   0.03427
     20/99        0G   0.07944    0.2376    0.0401    0.3571         4       128   0.08308    0.1139   0.07628   0.03108   0.08152    0.1934   0.03358
     21/99        0G   0.07886    0.2282   0.04031    0.3473         1       128   0.07495    0.1537   0.08818   0.03804   0.08284    0.1971    0.0336
     22/99        0G   0.07706    0.2309   0.04059    0.3485         5       128   0.07317     0.134   0.07659   0.03492   0.07921    0.1951   0.03392
     23/99        0G   0.07768    0.2372   0.03924    0.3542         4       128   0.09872    0.1707    0.1082   0.04605    0.0806    0.1968   0.03353
     24/99        0G   0.07593    0.2324    0.0407     0.349         3       128   0.08882    0.1873   0.09876   0.03899   0.08164    0.1965   0.03356
     25/99        0G   0.07718    0.2339   0.04026    0.3513         1       128   0.09419    0.1367   0.08581   0.04139   0.07847    0.1915   0.03368
     26/99        0G   0.07607    0.2349   0.04083    0.3518         3       128   0.09627    0.1491    0.1086   0.04532   0.07683    0.1936   0.03416
     27/99        0G    0.0769    0.2304   0.04006    0.3474         4       128    0.2804    0.2432    0.1592   0.06782   0.07844    0.1937   0.03334
     28/99        0G   0.07761    0.2354   0.04116    0.3542         2       128   0.09754    0.2296    0.1182   0.05543    0.0772    0.1921   0.03398
     29/99        0G   0.07566    0.2339   0.04053    0.3501         2       128    0.1313    0.1881    0.1163   0.05768   0.07484    0.1879   0.03384
     30/99        0G    0.0766    0.2331   0.04077    0.3505        10       128   0.07781     0.153    0.1097   0.05448   0.07658    0.1888   0.03364
     31/99        0G   0.07513    0.2333   0.04044    0.3489         0       128    0.0825    0.1707    0.1627   0.08253   0.07833    0.1877   0.03399
     32/99        0G   0.07479    0.2307   0.04071    0.3462         4       128   0.07726    0.1704    0.1068   0.06132   0.07547    0.1926   0.03407
     33/99        0G   0.07529    0.2317   0.04037    0.3474         4       128   0.08362    0.1537    0.1109   0.05504   0.07662    0.1878   0.03366
     34/99        0G   0.07511    0.2371   0.04019    0.3524         4       128   0.07219     0.163    0.0972   0.04375   0.07521    0.1865   0.03365
     35/99        0G   0.07422    0.2342    0.0409    0.3493         2       128     0.115    0.2407    0.1642   0.07551   0.07604    0.1902   0.03378
     36/99        0G   0.07432    0.2319   0.04059    0.3468         6       128    0.1125    0.2556    0.1834   0.08205   0.07675    0.1859   0.03371
     37/99        0G    0.0733    0.2297   0.04049    0.3435         5       128    0.1097    0.2633     0.189   0.06991   0.07461    0.1871   0.03374
     38/99        0G   0.07299    0.2328   0.04047    0.3462         4       128   0.09427    0.1799    0.1131   0.06268   0.07426    0.1903   0.03412
     39/99        0G   0.07363    0.2267   0.04038    0.3407         3       128    0.1026     0.266    0.1852    0.1191   0.07289    0.1904   0.03392
     40/99        0G   0.07282    0.2368   0.04025    0.3498         6       128    0.1001    0.2432    0.1325   0.05202   0.07699    0.1917   0.03369
     41/99        0G    0.0724    0.2308   0.04073     0.344         8       128    0.1087    0.2525    0.1703   0.08596   0.07341     0.193   0.03394
     42/99        0G   0.07177    0.2323   0.04001    0.3441         8       128    0.1197    0.2429    0.1265   0.06074   0.07485    0.1979   0.03403
     43/99        0G   0.07247     0.235   0.04082    0.3482         4       128    0.1617    0.2204    0.1499   0.07054   0.07378    0.1975   0.03383
     44/99        0G   0.07273    0.2326   0.04049    0.3458         1       128   0.07857    0.1491    0.1659   0.05935     0.073    0.1937   0.03368
     45/99        0G   0.07322    0.2319   0.04016    0.3453         2       128     0.102    0.2355    0.1186   0.06555   0.07467    0.1968   0.03395
     46/99        0G   0.07145     0.228      0.04    0.3395         3       128     0.059    0.1429     0.104   0.05126   0.07405    0.1937   0.03377
     47/99        0G   0.07151    0.2281   0.04033      0.34         3       128   0.07319    0.1309    0.1276   0.06193    0.0725    0.1942   0.03363
     48/99        0G   0.07198    0.2265   0.03974    0.3383         2       128   0.08333    0.1525    0.1158   0.05672   0.07295    0.1976    0.0338
     49/99        0G   0.07132    0.2271    0.0406     0.339         6       128   0.09403    0.1432    0.1218    0.0606   0.07352    0.1948    0.0338
     50/99        0G   0.07078    0.2274   0.04039    0.3386         2       128   0.07917    0.1664    0.1314   0.06056   0.07316    0.1919     0.034
     51/99        0G   0.07009    0.2264   0.04087    0.3374         1       128    0.1841    0.2489    0.1766   0.08085   0.07488    0.1948   0.03408
     52/99        0G   0.06947    0.2315   0.04015    0.3411         2       128   0.07416    0.1494    0.1455   0.06027   0.07333    0.1921   0.03377
     53/99        0G   0.07066    0.2292   0.04082    0.3407         1       128    0.2567    0.2358    0.1689    0.1042   0.07278    0.1902   0.03371
     54/99        0G   0.06973    0.2213   0.03909    0.3301         2       128    0.2346    0.2404    0.1828   0.07401    0.0742    0.1982   0.03353
     55/99        0G    0.0709    0.2222    0.0402    0.3334        13       128    0.1592    0.2296      0.17   0.07156    0.0711    0.1891   0.03365
     56/99        0G   0.07017    0.2273   0.04089    0.3384         2       128    0.1369    0.2602    0.1852   0.07067   0.07146    0.1869   0.03392
     57/99        0G   0.06947    0.2242   0.04033     0.334         3       128    0.1233     0.254    0.1675   0.08309   0.07352    0.1928    0.0336
     58/99        0G   0.06931    0.2262   0.04017    0.3357         5       128    0.1087    0.2296    0.1208   0.05618   0.07057     0.192    0.0338
     59/99        0G   0.06874    0.2266    0.0405    0.3358         2       128    0.2464    0.2355    0.2306   0.07975   0.07197    0.1889   0.03419
     60/99        0G   0.06799    0.2196   0.03958    0.3271         2       128    0.3161    0.3694     0.209   0.07214   0.07085     0.194   0.03374
     61/99        0G   0.06975    0.2357   0.04042    0.3459         9       128    0.1091    0.2117    0.1315   0.05917   0.07584    0.1926   0.03386
     62/99        0G   0.06938     0.229   0.04054    0.3389         8       128    0.1362    0.2525    0.1454   0.06628   0.07269    0.1904   0.03378
     63/99        0G   0.06691    0.2194   0.04036    0.3267         7       128     0.237    0.2197    0.1912   0.08972   0.07027    0.1842   0.03379
     64/99        0G   0.06825    0.2248   0.04077    0.3338         1       128    0.1479     0.242    0.2006   0.07912   0.07257    0.1883   0.03375
     65/99        0G   0.06788    0.2177   0.03957    0.3252         5       128    0.1726    0.2478      0.18   0.09768    0.0715    0.1971   0.03383
     66/99        0G   0.06732    0.2249   0.04092    0.3332         2       128    0.1941    0.2664    0.1749    0.0785   0.07386    0.1964   0.03393
     67/99        0G    0.0686    0.2258   0.04061     0.335         3       128    0.1448    0.2228    0.1916   0.09307   0.07114    0.1948   0.03411
     68/99        0G    0.0668    0.2185   0.03988    0.3252         5       128    0.1506    0.2626    0.2018    0.1126    0.0695     0.191   0.03366
     69/99        0G   0.06684     0.223   0.03971    0.3296         1       128    0.1545    0.2497     0.192    0.1006   0.07105    0.1871   0.03352
     70/99        0G   0.06663    0.2227   0.04035    0.3297         4       128    0.1616    0.2664     0.197   0.09257   0.07129    0.1875   0.03368
     71/99        0G   0.06796    0.2215   0.04016    0.3296         3       128     0.282    0.3343    0.2567   0.09273   0.06923     0.187   0.03397
     72/99        0G   0.06635    0.2191   0.04029    0.3258         4       128    0.1368    0.2586    0.1835   0.09189   0.06889    0.1919    0.0338
     73/99        0G   0.06672    0.2174   0.04031    0.3244         2       128    0.1049    0.1722    0.1696   0.08133   0.06889     0.186   0.03355
     74/99        0G   0.06696    0.2235   0.04009    0.3305         0       128   0.07956    0.1451    0.1336   0.07484   0.06865    0.1886   0.03379
     75/99        0G   0.06676     0.221   0.04043    0.3282         2       128    0.3077     0.333    0.3116    0.1392   0.07097    0.1882   0.03371
     76/99        0G   0.06702    0.2188   0.04039    0.3262         5       128    0.1601    0.2602    0.2102   0.08084   0.06927    0.1927    0.0338
     77/99        0G   0.06695    0.2236   0.03963    0.3301         4       128    0.0906    0.1586    0.1379    0.0737   0.06844     0.186   0.03367
     78/99        0G   0.06699    0.2265   0.04028    0.3338         3       128    0.1027    0.1753    0.1543   0.07353   0.06832    0.1894   0.03365
     79/99        0G   0.06522    0.2168   0.04041    0.3224         4       128     0.138    0.2586    0.1786   0.08761     0.071    0.1953   0.03398
     80/99        0G   0.06637    0.2212   0.04028    0.3278         7       128    0.2631    0.2389     0.176   0.09685   0.07249    0.1947   0.03388
     81/99        0G   0.06568    0.2203   0.04007     0.326         2       128      0.19    0.2481    0.1814    0.1007   0.06828    0.1853   0.03368
     82/99        0G   0.06591    0.2229   0.03997    0.3288         3       128    0.2196     0.259    0.1726   0.09077   0.06823    0.1903   0.03355
     83/99        0G   0.06506    0.2196   0.04088    0.3255         4       128    0.1345    0.2653    0.1807   0.09862   0.06708    0.1938    0.0336
     84/99        0G   0.06645    0.2209   0.03984    0.3272         2       128    0.2128    0.2756    0.1769   0.09949   0.06711    0.1864   0.03375
     85/99        0G    0.0647    0.2168   0.03993    0.3214         2       128    0.2174    0.2617    0.1713   0.09329   0.06917    0.1894   0.03357
     86/99        0G   0.06457    0.2171    0.0396    0.3213         3       128    0.2141    0.2556    0.1829    0.1104   0.06747    0.1858   0.03349
     87/99        0G   0.06493    0.2209   0.03942    0.3253         3       128    0.2543    0.2586    0.1761    0.1054   0.06835    0.1887   0.03357
     88/99        0G   0.06411    0.2195    0.0398    0.3234         6       128    0.2573    0.2312    0.1799   0.09692   0.06949    0.1849    0.0336
     89/99        0G   0.06482    0.2139   0.04028     0.319         0       128    0.2578    0.2358    0.1789    0.1127   0.07213    0.1936   0.03369
     90/99        0G   0.06374    0.2127   0.04032    0.3167         7       128    0.2353    0.2065    0.1675   0.09382   0.07072     0.192   0.03363
     91/99        0G   0.06512    0.2171   0.04028    0.3225         4       128    0.1727    0.2281    0.2301    0.1021   0.06767    0.1837   0.03356
     92/99        0G   0.06331    0.2182   0.03964    0.3212         3       128    0.2473     0.225    0.2218   0.09083   0.06899    0.1869   0.03361
     93/99        0G   0.06395      0.21   0.04071    0.3147         3       128    0.1221    0.2389    0.1955    0.1193   0.06881    0.1854   0.03368
     94/99        0G   0.06391    0.2196   0.04079    0.3243         6       128     0.161     0.252    0.1804   0.09934   0.07141    0.1873   0.03371
     95/99        0G   0.06522    0.2224   0.04019    0.3278         4       128    0.1343     0.242    0.2115    0.1102   0.06768    0.1858    0.0337
     96/99        0G   0.06482    0.2186   0.04041    0.3238         3       128    0.1356    0.2466     0.175   0.07424   0.07372    0.1861   0.03367
     97/99        0G   0.06418    0.2204   0.03963    0.3243         3       128    0.4093    0.3531    0.2658    0.1154   0.07055     0.186   0.03352
     98/99        0G   0.06459    0.2193   0.04045    0.3244         4       128    0.2233    0.2728      0.18    0.1111   0.06645    0.1858   0.03367
     99/99        0G   0.06411    0.2114   0.04044    0.3159         1       128    0.3336     0.325    0.2247   0.07931   0.06726    0.1941   0.03368
